6.477 1429 50
7.479 1536 100
9.381 1558 150
11.387 1406 200
14.452 1422 250
17.103 1422 300
20.201 1406 350
23.754 1536 400
27.65 1436 450
29.269 1436 500
33.479 1437 550
2.312 1866 4
1.903 1677 8
2.087 1807 12
2.195 1741 16
2.276 1751 20
2.461 1768 24
2.784 2014 28
3.431 1533 32
3.653 1623 36
3.968 1681 40
4.523 1546 44
4.938 1655 48
3.659 1722 52
3.773 1770 56
4.376 1615 60
3.996 1636 64
4.168 1436 68
4.33 1586 72
4.548 1475 76
4.557 1522 80
4.436 1546 84
4.288 1573 88
5.18 1623 92
4.289 1406 96
4.721 1616 100
4.504 1422 104
4.574 1615 108
4.452 1429 112
4.137 1488 116
4.711 1436 120
4.544 1422 124
4.468 1539 128
4.702 1575 132
4.596 1449 136
4.17 1445 140
4.796 1491 144
4.998 1429 148
4.988 1459 152
5.007 1476 156
4.448 1516 160
5.016 1537 164
6.536 1459 168
5.761 1446 172
5.156 1649 176
5.447 1611 180
7.29 1459 184
6.561 1478 188
5.777 1479 192
7.856 1426 196
7.361 1545 200
4.949 1406 204
6.044 1592 208
4.986 1564 212
5.409 1449 216
8.302 1635 220
5.555 1476 224
6.042 1504 228
6.188 1436 232
5.783 1513 236
5.821 1509 240
6.002 1459 244
5.498 1565 248
5.766 1561 252
5.403 1455 256
5.529 1429 260
5.457 1502 264
5.773 1488 268
7.471 1547 272
5.944 1482 276
5.712 1436 280
5.574 1493 284
5.761 1508 288
6.003 1548 292
6.06 1521 296
6.274 1466 300
5.903 1546 304
5.773 1551 308
6.622 1406 312
6.304 1475 316
