              AMERSFOORT AMSTERDAM APELDOORN ARNHEM ASSEN BREDA DEN_HAAG DEN_HELDER EINDHOVEN EMMEN ENSCHEDE GRONINGEN HAARLEM HEERENVEEN HEERLEN HERTOGENBOSCH LEEUWARDEN LELYSTAD MAASTRICHT MIDDELBURG NIJMEGEN ROTTERDAM TILBURG UTRECHT VENLO ZWOLLE
AMERSFOORT    0          51        45        54     144   95    85       129        107       142   117      169       72      128        197     71            149        55       192        180        72       72        98      23      131   68
AMSTERDAM     51         0         87        122    186   121   60       80         133       184   159      178       19      127        224     97            138        56       218        204        128      85        121     47      188   110
APELDOORN     45         87        0         32     119   140   130      166        130       117   74       144       108     103        220     94            132        60       214        225        50       123       121     68      124   43
ARNHEM        54         112       32        0      143   120   121      186        98        141   96       168       119     126        189     63            155        89       183        206        18       113       90      69      93    66
ASSEN         144        186       119       143    0     239   229      175        240       46    119      27        207     82         330     204           85         139      325        325        161      222       232     167     235   81
BREDA         95         121       140       120    239   0     74       195        67        237   212      265       128     217        158     62            214        146      152        94         116      47        35      79      122   163
DEN_HAAG      85         60        130       121    229   74    0        130        136       227   201      232       63      181        227     106           190        110      221        152        136      33        104     62      191   153
DEN_HELDER    129        80        166       186    175   195   130      0          207       189   236      152       73      101        297     171           90         104      292        273        204      154       198     121     261   164
EINDHOVEN     107        133       130       98     240   67    136      207        0         238   193      266       140     229        90      39            253        158      84         156        83       109       36      91      54    164
EMMEN         142        184       117       141    46    237   227      189        238       0     95       57        205     90         328     202           95         137      323        323        159      220       230     165     233   79
ENSCHEDE      117        159       74        96     119   212   201      236        193       95    0        144       180     140        283     157           169        136      278        297        114      195       185     140     188   74
GRONINGEN     169        178       144       168    27    265   232      152        266       57    144      0         199     59         356     230           62         126      351        350        186      248       257     193     260   107
HAARLEM       72         19        108       119    207   128   63       73         140       205   180      199       0       148        230     104           138        77       225        206        135      87        132     54      195   131
HEERENVEEN    128        127       103       126    82    217   181      101        229       90    140      59        148     0          320     193           31         74       314        303        144      201       213     135     218   65
HEERLEN       197        224       220       189    330   158   227      297        90        328   283      356       230     320        0       128           342        247      21         245        137      198       126     180     81    253
HERTOGENBOSCH 71         97        94        63     204   62    106      171        39        202   157      230       104     193        128     0             217        115      123        152        47       78        30      55      93    128
LEEUWARDEN    149        138       132       155    85    241   190      90         253       95    169      62        138     31         342     217           0          98       338        326        174      214       244     158     247   94
LELYSTAD      55         56        60        89     139   146   110      104        158       137   136      126       77      74         247     115           98         0        243        232        106      130       142     64      185   63
MAASTRICHT    192        218       214       183    325   152   221      292        84        323   278      351       225     314        21      123           338        243      0          241        133      194       121     176     77    249
MIDDELBURG    180        204       225       206    325   94    152      273        156       323   297      350       206     303        245     152           326        232      241        0          193      124       123     165     210   249
NIJMEGEN      72         128       50        18     161   116   136      204        83        159   114      186       135     144        137     47            174        106      133        193        0        109       74      86      62    84
ROTTERDAM     78         85        123       113    222   47    33       154        109       220   195      248       87      201        198     78            214        130      194        124        109      0         76      55      163   146
TILBURG       98         121       121       90     232   35    104      198        36        230   185      257       132     213        126     30            244        142      121        123        74       76        0       85      91    156
UTRECHT       23         47        68        69     167   79    62       121        91        165   140      193       54      135        180     55            158        64       176        165        86       55        85      0       146   91
VENLO         131        188       124       93     235   122   191      261        54        233   188      260       195     218        81      93            247        185      77         210        62       163       91      146     0     162
ZWOLLE        68         110       43        66     81    163   153      164        164       79    74       107       131     65         253     128           94         63       249        249        84       146       156     91      162   0
